3 4
1 2 3 4
5 6 7 8
9 10 11 12


3 4
-1 -5 1 17
-5 -5 5 5
2 5 -3 -10


3 4
3	-2	1	2
-1	-5	4	1
1	4	-6	-9


2 3
1 3 13
2 4 16

3 4
1 0 4 11
1 -1 4 6
2 0 9 25


3 4
2 4 10 30  
1 1 3 10   
2 1 2 9

sem solucao //3 4
3 -3 4 -23
1 2 -3 25
4 -1 1 25

3 4 
-1 -2 3 30
-2 -3 -5 22
1 5 5 -11

3 4
1 3 -1 8
1 -3 11 -2
-2 5 -20 -5


4 5
1 2 -3 7 4 
3 -1 -2 0 12
-2 5 0 2 5
2 3 -5 11 8

3 4
3 1 -1 -2
1 -2 3 23
2 3 2 5

3 4
2 -1 1 9
4 -2 2 18
-2 1 -1 -9


3 4
1 2 -1 9
3 1 -1 5
-1 -4 1 2

3 4
3 2 0 9
2 4 -3 -1
2 12 -12 1


4 4
1 0 -3 7
0 1 -2 3
-1 3 -6 -13
-5 -2 22 -28


3 4            
1 -3 -6 4
0 1 2 -2
-4 12 21 -4